[[-7.29957, 0.66176, 2.23207, 0.13885],
[-7.14763, 0.91396, 2.14686, 0.13715],
[-6.99088, 1.14457, 2.0632, 0.13515],
[-6.82993, 1.35434, 1.98722, 0.13305],
[-6.66509, 1.54439, 1.9157, 0.13133],
[-6.49646, 1.71588, 1.84595, 0.13029],
[-6.32401, 1.8698, 1.84595, 0.12522],
[-6.1476, 2.00695, 1.84595, 0.12105],
[-5.96695, 2.12779, 1.84595, 0.11774],
[-5.78165, 2.23257, 1.84595, 0.11532],
[-5.59108, 2.32121, 1.84595, 0.11385],
[-5.3943, 2.39317, 1.96987, 0.10637],
[-5.19137, 2.45066, 2.06054, 0.10236],
[-4.98201, 2.49467, 2.15891, 0.09909],
[-4.76586, 2.52588, 2.27187, 0.09613],
[-4.54249, 2.54479, 2.40085, 0.09337],
[-4.31135, 2.55174, 2.55025, 0.09068],
[-4.07178, 2.54702, 2.72956, 0.08778],
[-3.82306, 2.53086, 2.95272, 0.08441],
[-3.56435, 2.50359, 3.23335, 0.08046],
[-3.29477, 2.46558, 3.61097, 0.07539],
[-3.0135, 2.41744, 4.0, 0.07134],
[-2.7199, 2.36012, 4.0, 0.07478],
[-2.41404, 2.29509, 4.0, 0.07818],
[-2.09777, 2.22475, 3.73638, 0.08671],
[-1.77796, 2.15313, 3.05229, 0.10737],
[-1.45798, 2.0818, 2.64294, 0.12404],
[-1.13765, 2.01108, 2.3623, 0.13887],
[-0.81679, 1.94127, 2.15297, 0.15252],
[-0.50395, 1.87842, 1.99015, 0.16034],
[-0.20942, 1.82853, 1.85773, 0.1608],
[0.06308, 1.79416, 1.74588, 0.15732],
[0.31365, 1.77567, 1.65199, 0.15209],
[0.54396, 1.77237, 1.56624, 0.14706],
[0.75608, 1.78329, 1.49212, 0.14235],
[0.952, 1.80742, 1.42532, 0.1385],
[1.13339, 1.84397, 1.36268, 0.13579],
[1.3016, 1.89235, 1.36268, 0.12844],
[1.45767, 1.95223, 1.36268, 0.12267],
[1.60232, 2.02363, 1.36268, 0.11838],
[1.73604, 2.10691, 1.36268, 0.1156],
[1.85907, 2.20303, 1.36268, 0.11457],
[1.97152, 2.31422, 1.65998, 0.09526],
[2.07739, 2.43712, 1.77806, 0.09123],
[2.17785, 2.5723, 1.92333, 0.08757],
[2.27411, 2.72088, 2.10812, 0.08398],
[2.36757, 2.88475, 2.35725, 0.08003],
[2.46001, 3.06689, 2.71923, 0.07512],
[2.55389, 3.27175, 3.32171, 0.06784],
[2.65308, 3.50652, 4.0, 0.06372],
[2.77414, 3.80852, 4.0, 0.08134],
[2.89696, 4.11401, 4.0, 0.08231],
[3.02006, 4.4194, 4.0, 0.08232],
[3.14337, 4.72471, 3.61098, 0.09119],
[3.26683, 5.02996, 2.55253, 0.129],
[3.39041, 5.33517, 2.08239, 0.15813],
[3.51403, 5.64036, 1.79976, 0.18296],
[3.51403, 5.64036, 1.60662, 0.0],
[3.7116, 5.7001, 1.46221, 0.14115],
[3.90655, 5.7545, 1.3488, 0.15006],
[4.09658, 5.79902, 1.25645, 0.15534],
[4.27982, 5.83042, 1.17865, 0.15774],
[4.45489, 5.84672, 1.11133, 0.15821],
[4.62077, 5.84701, 1.05331, 0.15749],
[4.7767, 5.83104, 1.0, 0.15674],
[4.92199, 5.79891, 1.0, 0.14879],
[5.0559, 5.75086, 1.0, 0.14228],
[5.17754, 5.68705, 1.0, 0.13735],
[5.28562, 5.6075, 1.0, 0.13421],
[5.37834, 5.51196, 1.0, 0.13313],
[5.45279, 5.39979, 1.13531, 0.11858],
[5.51159, 5.27502, 1.20818, 0.11416],
[5.5549, 5.13888, 1.2926, 0.11052],
[5.58274, 4.99226, 1.39594, 0.10692],
[5.59521, 4.8359, 1.52853, 0.10262],
[5.59268, 4.6706, 1.70754, 0.09681],
[5.57611, 4.49736, 1.96545, 0.08855],
[5.5473, 4.31747, 1.87138, 0.09735],
[5.50914, 4.13265, 1.66282, 0.11349],
[5.46556, 3.94502, 1.50871, 0.12767],
[5.41566, 3.71096, 1.38968, 0.17221],
[5.37766, 3.48509, 1.29438, 0.17695],
[5.35561, 3.27076, 1.21232, 0.17773],
[5.35143, 3.07018, 1.14212, 0.17566],
[5.36547, 2.88455, 1.08138, 0.17215],
[5.39712, 2.7145, 1.08138, 0.15996],
[5.44537, 2.56029, 1.08138, 0.14942],
[5.50908, 2.42214, 1.08138, 0.14068],
[5.58727, 2.30046, 1.08138, 0.13375],
[5.6791, 2.19595, 1.08138, 0.12865],
[5.7839, 2.10978, 1.10713, 0.12254],
[5.89959, 2.04101, 1.13345, 0.11874],
[6.02483, 1.9893, 1.16095, 0.11671],
[6.15875, 1.95485, 1.18889, 0.11631],
[6.3008, 1.93847, 1.21827, 0.11738],
[6.45071, 1.94163, 1.24791, 0.12015],
[6.60843, 1.96674, 1.2787, 0.1249],
[6.77417, 2.01768, 1.2851, 0.13492],
[6.94854, 2.10109, 1.27104, 0.15207],
[7.13276, 2.2292, 1.25642, 0.17859],
[7.34368, 2.3258, 1.24109, 0.18692],
[7.54549, 2.37817, 1.2245, 0.17027],
[7.73711, 2.39556, 1.17043, 0.16439],
[7.9179, 2.38374, 1.17043, 0.15479],
[8.08727, 2.34652, 1.17043, 0.14816],
[8.24449, 2.28636, 1.17043, 0.14382],
[8.38858, 2.20489, 1.17043, 0.14142],
[8.51811, 2.10305, 1.17043, 0.14079],
[8.62995, 1.9801, 1.20809, 0.13758],
[8.7229, 1.83815, 1.24787, 0.13597],
[8.79545, 1.6788, 1.29166, 0.13556],
[8.84583, 1.50344, 1.33752, 0.13641],
[8.87178, 1.31338, 1.38788, 0.13822],
[8.87066, 1.11002, 1.44413, 0.14081],
[8.83944, 0.89516, 1.506, 0.14417],
[8.77479, 0.67114, 1.57428, 0.14811],
[8.67332, 0.44118, 1.65185, 0.15217],
[8.53221, 0.20963, 1.7391, 0.15592],
[8.34996, -0.01789, 1.83955, 0.15848],
[8.1275, -0.23487, 1.95231, 0.15917],
[7.86896, -0.43463, 2.08557, 0.15666],
[7.58187, -0.61175, 2.24241, 0.15043],
[7.2757, -0.76339, 2.43308, 0.14042],
[6.95832, -0.89032, 2.67738, 0.12767],
[6.63411, -0.99593, 2.94767, 0.11568],
[6.30531, -1.08375, 3.08405, 0.11035],
[5.9731, -1.15518, 3.23755, 0.10496],
[5.63869, -1.21163, 3.41352, 0.09935],
[5.30349, -1.25452, 3.61339, 0.09352],
[4.96889, -1.28531, 3.84573, 0.08737],
[4.63582, -1.30552, 4.0, 0.08342],
[4.30446, -1.31671, 4.0, 0.08289],
[3.97454, -1.32034, 4.0, 0.08249],
[3.64566, -1.31784, 4.0, 0.08222],
[3.31747, -1.31053, 4.0, 0.08207],
[2.98972, -1.2997, 4.0, 0.08198],
[2.72769, -1.2894, 4.0, 0.06556],
[2.4816, -1.28062, 4.0, 0.06156],
[2.24207, -1.27247, 4.0, 0.05992],
[2.0208, -1.26423, 4.0, 0.05536],
[1.80342, -1.25509, 4.0, 0.05439],
[1.58934, -1.24473, 4.0, 0.05358],
[1.37792, -1.23284, 4.0, 0.05294],
[1.1686, -1.21913, 4.0, 0.05244],
[0.96084, -1.20332, 4.0, 0.05209],
[0.7542, -1.18515, 4.0, 0.05186],
[0.54828, -1.16438, 4.0, 0.05174],
[0.34273, -1.14077, 4.0, 0.05172],
[0.13726, -1.11414, 4.0, 0.0518],
[-0.0684, -1.08431, 4.0, 0.05195],
[-0.27446, -1.05116, 4.0, 0.05218],
[-0.48109, -1.01462, 4.0, 0.05246],
[-0.68843, -0.97467, 4.0, 0.05279],
[-0.89656, -0.93135, 4.0, 0.05315],
[-1.10553, -0.88478, 3.7459, 0.05716],
[-1.31536, -0.83513, 2.94836, 0.07313],
[-1.526, -0.78266, 2.51807, 0.08621],
[-1.73741, -0.72765, 2.24856, 0.09715],
[-1.9495, -0.67043, 2.06115, 0.10658],
[-2.16777, -0.60977, 1.92151, 0.1179],
[-2.38411, -0.55475, 1.81171, 0.12321],
[-2.59641, -0.50857, 1.73195, 0.12544],
[-2.80254, -0.47363, 1.67255, 0.125],
[-3.00104, -0.45124, 1.62543, 0.1229],
[-3.19119, -0.44189, 1.59118, 0.11964],
[-3.37273, -0.44555, 1.57074, 0.1156],
[-3.54569, -0.46197, 1.56212, 0.11122],
[-3.71026, -0.4907, 1.56079, 0.10704],
[-3.86671, -0.53125, 1.56079, 0.10355],
[-4.01527, -0.58325, 1.56079, 0.10084],
[-4.15612, -0.64639, 1.56079, 0.0989],
[-4.28946, -0.72045, 1.56079, 0.09772],
[-4.41543, -0.80531, 1.56079, 0.09732],
[-4.53411, -0.90105, 1.57104, 0.09706],
[-4.64551, -1.00785, 1.59302, 0.09687],
[-4.74956, -1.12602, 1.62579, 0.09685],
[-4.84611, -1.25601, 1.66918, 0.09701],
[-4.93482, -1.39832, 1.72376, 0.09728],
[-5.01519, -1.55339, 1.78415, 0.0979],
[-5.08647, -1.72153, 1.85773, 0.0983],
[-5.14773, -1.90247, 1.94536, 0.0982],
[-5.19806, -2.09511, 2.05379, 0.09694],
[-5.23684, -2.29733, 2.18333, 0.09431],
[-5.26403, -2.50635, 2.33715, 0.09019],
[-5.28023, -2.71939, 2.53969, 0.08412],
[-5.28672, -2.93415, 2.80941, 0.07648],
[-5.28516, -3.14919, 2.77872, 0.07739],
[-5.27733, -3.3638, 2.29723, 0.09349],
[-5.26501, -3.57781, 1.99974, 0.1072],
[-5.24995, -3.79135, 1.79292, 0.11939],
[-5.23542, -3.9844, 1.63671, 0.11828],
[-5.2247, -4.17294, 1.51426, 0.12471],
[-5.22039, -4.35448, 1.41286, 0.12853],
[-5.22429, -4.52785, 1.3278, 0.1306],
[-5.23762, -4.69258, 1.25468, 0.13172],
[-5.26118, -4.84853, 1.19069, 0.13246],
[-5.29547, -4.99557, 1.13165, 0.13342],
[-5.34089, -5.1335, 1.13165, 0.12832],
[-5.39773, -5.262, 1.13165, 0.12416],
[-5.46637, -5.38053, 1.13165, 0.12104],
[-5.54724, -5.48833, 1.13165, 0.11909],
[-5.64101, -5.58423, 1.13165, 0.11852],
[-5.74867, -5.66637, 1.17353, 0.11539],
[-5.86928, -5.73459, 1.21008, 0.11451],
[-6.00243, -5.78812, 1.24719, 0.11506],
[-6.14801, -5.82563, 1.28568, 0.11694],
[-6.3061, -5.84521, 1.32567, 0.12016],
[-6.4767, -5.8442, 1.36944, 0.12458],
[-6.65949, -5.81913, 1.41676, 0.13022],
[-6.85308, -5.76589, 1.46863, 0.13672],
[-7.05403, -5.68042, 1.52441, 0.14325],
[-7.25557, -5.56062, 1.58601, 0.14783],
[-7.448, -5.40895, 1.65107, 0.14839],
[-7.62218, -5.23248, 1.72206, 0.14399],
[-7.77366, -5.03902, 1.8004, 0.13647],
[-7.90265, -4.83357, 1.88414, 0.12875],
[-8.01133, -4.61791, 1.98056, 0.12194],
[-8.10205, -4.39193, 2.08443, 0.11682],
[-8.17641, -4.15476, 2.20241, 0.11285],
[-8.23542, -3.90522, 2.33854, 0.10965],
[-8.27962, -3.64199, 2.43785, 0.10949],
[-8.30847, -3.36292, 2.53935, 0.11049],
[-8.32077, -3.06586, 2.64918, 0.11223],
[-8.31489, -2.75096, 2.77128, 0.11365],
[-8.29011, -2.42582, 2.90285, 0.11233],
[-8.24766, -2.09987, 3.0527, 0.10767],
[-8.18943, -1.77631, 3.20949, 0.10243],
[-8.11708, -1.45571, 3.23576, 0.10157],
[-8.03218, -1.13823, 3.01867, 0.10887],
[-7.93569, -0.82401, 2.83658, 0.11588],
[-7.82856, -0.51311, 2.68291, 0.12257],
[-7.71166, -0.20553, 2.54948, 0.12906],
[-7.58375, 0.09697, 2.43195, 0.13505],
[-7.44557, 0.38839, 2.32723, 0.13858]]