[[4.50327, 0.18187, 1.6926, 0.08944],
[4.35188, 0.181, 1.42848, 0.10598],
[4.20049, 0.18013, 1.25736, 0.1204],
[4.04911, 0.17927, 1.13414, 0.13348],
[3.89782, 0.17792, 1.04212, 0.14518],
[3.74687, 0.1751, 0.968, 0.15597],
[3.59657, 0.16985, 0.90646, 0.16591],
[3.44735, 0.16126, 0.85437, 0.17495],
[3.29968, 0.14844, 0.80903, 0.18322],
[3.15406, 0.13059, 0.76903, 0.19076],
[3.01104, 0.10702, 0.734, 0.19749],
[2.87114, 0.07708, 0.70013, 0.20434],
[2.73493, 0.04025, 0.67168, 0.21008],
[2.60296, -0.00398, 0.6478, 0.21485],
[2.47582, -0.05602, 0.62719, 0.21903],
[2.35415, -0.11627, 0.61108, 0.22219],
[2.23861, -0.18508, 0.59708, 0.22522],
[2.13003, -0.26284, 0.58589, 0.22794],
[2.02936, -0.34983, 0.57637, 0.23085],
[1.9377, -0.44622, 0.5679, 0.23422],
[1.85638, -0.5519, 0.56053, 0.23788],
[1.78696, -0.6663, 0.55472, 0.24124],
[1.73112, -0.78822, 0.54965, 0.24397],
[1.69042, -0.9157, 0.5492, 0.24367],
[1.66598, -1.04616, 0.54856, 0.24196],
[1.65825, -1.17673, 0.54856, 0.23845],
[1.66698, -1.30468, 0.54856, 0.2338],
[1.69132, -1.42771, 0.54856, 0.22862],
[1.73012, -1.54399, 0.54856, 0.22346],
[1.78192, -1.6523, 0.54856, 0.21887],
[1.84542, -1.75174, 0.55032, 0.2144],
[1.91934, -1.84173, 0.55456, 0.21],
[2.00253, -1.92186, 0.56136, 0.20576],
[2.09392, -1.99188, 0.57107, 0.2016],
[2.19253, -2.05163, 0.58438, 0.19731],
[2.29747, -2.10107, 0.60162, 0.19281],
[2.40789, -2.14023, 0.62364, 0.18785],
[2.52298, -2.16929, 0.65207, 0.18204],
[2.64199, -2.18856, 0.68427, 0.17619],
[2.76425, -2.1984, 0.7255, 0.16906],
[2.88912, -2.19938, 0.77655, 0.16081],
[3.01603, -2.19218, 0.84176, 0.15101],
[3.14449, -2.17768, 0.92882, 0.13918],
[3.27406, -2.1569, 1.04778, 0.12524],
[3.40439, -2.131, 1.20281, 0.11047],
[3.52828, -2.10979, 1.20281, 0.1045],
[3.65219, -2.09193, 1.20281, 0.10409],
[3.77613, -2.07743, 1.2036, 0.10367],
[3.90008, -2.06625, 1.21521, 0.10242],
[4.02405, -2.05831, 1.23689, 0.10043],
[4.14804, -2.05348, 1.27387, 0.0974],
[4.27204, -2.05157, 1.32275, 0.09375],
[4.39605, -2.05238, 1.3946, 0.08892],
[4.52006, -2.05562, 1.49099, 0.08321],
[4.64408, -2.06101, 1.38253, 0.08979],
[4.76811, -2.06817, 1.20274, 0.10329],
[4.89214, -2.07675, 1.09024, 0.11404],
[5.01617, -2.08633, 1.0143, 0.12265],
[5.14202, -2.0967, 0.96192, 0.13128],
[5.26777, -2.10538, 0.92076, 0.13689],
[5.39325, -2.11149, 0.89279, 0.14072],
[5.51826, -2.11423, 0.87417, 0.14304],
[5.64255, -2.11294, 0.86415, 0.14383],
[5.76586, -2.10707, 0.8564, 0.14416],
[5.888, -2.09622, 0.85557, 0.14332],
[6.00877, -2.08006, 0.85557, 0.14241],
[6.12802, -2.05835, 0.85557, 0.14166],
[6.24561, -2.03095, 0.85557, 0.14113],
[6.36146, -1.99779, 0.85557, 0.14084],
[6.47547, -1.95882, 0.85557, 0.14083],
[6.58758, -1.91401, 0.85932, 0.14049],
[6.69772, -1.86339, 0.86764, 0.13971],
[6.80586, -1.80701, 0.88295, 0.13812],
[6.91198, -1.74496, 0.89655, 0.13712],
[7.01608, -1.67729, 0.91619, 0.13552],
[7.11815, -1.60405, 0.94057, 0.13356],
[7.21823, -1.52533, 0.96591, 0.13182],
[7.31639, -1.44116, 0.99864, 0.12948],
[7.41275, -1.35152, 1.02991, 0.12778],
[7.50753, -1.25626, 1.0658, 0.12609],
[7.60104, -1.15507, 1.10499, 0.12469],
[7.69164, -1.04987, 1.14487, 0.12127],
[7.7783, -0.94234, 1.13249, 0.12195],
[7.86129, -0.83276, 1.12112, 0.12261],
[7.94061, -0.72107, 1.11195, 0.1232],
[8.01625, -0.60724, 1.10435, 0.12375],
[8.08816, -0.49125, 1.09556, 0.12457],
[8.15628, -0.37307, 1.08967, 0.12519],
[8.22052, -0.25264, 1.08126, 0.12623],
[8.28078, -0.12993, 1.07244, 0.12747],
[8.33697, -0.00491, 1.06235, 0.12903],
[8.38898, 0.12247, 1.04881, 0.13118],
[8.43667, 0.25225, 1.03303, 0.13384],
[8.47992, 0.38446, 1.01646, 0.13685],
[8.51856, 0.51915, 0.98576, 0.14215],
[8.55237, 0.65638, 0.87609, 0.16132],
[8.58112, 0.79621, 0.79415, 0.17976],
[8.60448, 0.93871, 0.73067, 0.19763],
[8.62206, 1.08395, 0.6821, 0.21449],
[8.63341, 1.23195, 0.64174, 0.2313],
[8.63778, 1.38246, 0.60793, 0.24768],
[8.63309, 1.53208, 0.58249, 0.25699],
[8.61792, 1.67777, 0.5607, 0.26123],
[8.59147, 1.81745, 0.54298, 0.26182],
[8.55359, 1.94928, 0.52895, 0.25933],
[8.50462, 2.07168, 0.51604, 0.25546],
[8.4453, 2.18334, 0.50902, 0.2484],
[8.37669, 2.28339, 0.50334, 0.24103],
[8.29997, 2.37125, 0.50041, 0.23309],
[8.21634, 2.44654, 0.5, 0.22505],
[8.12701, 2.50908, 0.5, 0.21811],
[8.03307, 2.55871, 0.5, 0.21248],
[7.93564, 2.59546, 0.5, 0.20825],
[7.83577, 2.61934, 0.5, 0.20539],
[7.73443, 2.6304, 0.5, 0.20388],
[7.6326, 2.62865, 0.50182, 0.20295],
[7.53123, 2.61412, 0.50466, 0.20291],
[7.43131, 2.58677, 0.51065, 0.20288],
[7.33382, 2.5466, 0.51882, 0.20323],
[7.23982, 2.49363, 0.52594, 0.20515],
[7.15047, 2.42775, 0.5359, 0.20715],
[7.06702, 2.34898, 0.54775, 0.20951],
[6.99084, 2.2574, 0.56274, 0.21168],
[6.92334, 2.15334, 0.5766, 0.21512],
[6.86612, 2.03719, 0.59387, 0.21803],
[6.82076, 1.90973, 0.61382, 0.2204],
[6.78876, 1.77222, 0.63607, 0.22197],
[6.77136, 1.62651, 0.65915, 0.22263],
[6.74083, 1.49032, 0.66369, 0.21031],
[6.69887, 1.36226, 0.66735, 0.20191],
[6.64682, 1.24208, 0.67143, 0.19507],
[6.58571, 1.12949, 0.67519, 0.18973],
[6.5163, 1.02431, 0.68035, 0.18523],
[6.43921, 0.92638, 0.6888, 0.18094],
[6.35497, 0.83554, 0.7006, 0.17683],
[6.26407, 0.75164, 0.71635, 0.17269],
[6.1669, 0.67453, 0.73651, 0.16842],
[6.06388, 0.60403, 0.76201, 0.16382],
[5.95538, 0.53996, 0.79405, 0.1587],
[5.84177, 0.48205, 0.83436, 0.15282],
[5.72348, 0.42999, 0.88547, 0.14596],
[5.60092, 0.3834, 0.95111, 0.13786],
[5.47457, 0.34177, 1.0378, 0.12818],
[5.34496, 0.30451, 1.15693, 0.11657],
[5.21266, 0.27092, 1.33335, 0.10237],
[5.07829, 0.24019, 1.63309, 0.0844],
[4.94252, 0.21141, 2.0, 0.06939],
[4.80604, 0.18363, 2.0, 0.06964],
[4.80604, 0.18363, 2.0, 0.0],
[4.65465, 0.18275, 2.0, 0.07569]]