[[3.99688, -2.39809, 4.0, 0.02791],
[4.10849, -2.39809, 4.0, 0.0279],
[4.22012, -2.39809, 4.0, 0.02791],
[4.33173, -2.39809, 4.0, 0.0279],
[4.44335, -2.39809, 4.0, 0.0279],
[4.55499, -2.39809, 4.0, 0.02791],
[4.66657, -2.39809, 4.0, 0.0279],
[4.77816, -2.39809, 4.0, 0.0279],
[4.88968, -2.39809, 4.0, 0.02788],
[5.00124, -2.39809, 4.0, 0.02789],
[5.11282, -2.39809, 4.0, 0.0279],
[5.22445, -2.39809, 4.0, 0.02791],
[5.33606, -2.39809, 4.0, 0.0279],
[5.44766, -2.39809, 4.0, 0.0279],
[5.55926, -2.39809, 3.82532, 0.02917],
[5.67088, -2.39809, 3.06439, 0.03642],
[5.78251, -2.39809, 2.633, 0.0424],
[5.89413, -2.39809, 2.3348, 0.04781],
[6.00182, -2.39809, 2.13255, 0.0505],
[6.17502, -2.39708, 1.97581, 0.08766],
[6.34871, -2.3933, 1.855, 0.09365],
[6.51817, -2.38543, 1.75734, 0.09653],
[6.67927, -2.37273, 1.67977, 0.0962],
[6.83008, -2.35494, 1.61934, 0.09378],
[6.97053, -2.33212, 1.57392, 0.09041],
[7.10132, -2.30441, 1.53714, 0.08697],
[7.2234, -2.27198, 1.51122, 0.08358],
[7.33768, -2.23493, 1.49518, 0.08035],
[7.445, -2.19333, 1.4885, 0.07732],
[7.54604, -2.14725, 1.4885, 0.07461],
[7.64139, -2.09669, 1.4885, 0.0725],
[7.73147, -2.04165, 1.4885, 0.07093],
[7.81664, -1.98208, 1.4885, 0.06982],
[7.89713, -1.91795, 1.4885, 0.06914],
[7.97313, -1.84921, 1.49045, 0.06876],
[8.04476, -1.77581, 1.49849, 0.06844],
[8.1121, -1.69771, 1.50933, 0.06832],
[8.17512, -1.61482, 1.52944, 0.06808],
[8.23382, -1.52709, 1.55946, 0.06769],
[8.28816, -1.43447, 1.59079, 0.06751],
[8.33809, -1.33685, 1.63074, 0.06724],
[8.38354, -1.2341, 1.68301, 0.06675],
[8.42446, -1.12609, 1.73698, 0.0665],
[8.4608, -1.01256, 1.8034, 0.0661],
[8.49248, -0.89317, 1.87749, 0.06579],
[8.51943, -0.76744, 1.96612, 0.0654],
[8.54156, -0.63477, 2.07191, 0.06492],
[8.55875, -0.49445, 2.1964, 0.06437],
[8.57086, -0.34582, 2.34104, 0.0637],
[8.57771, -0.18892, 2.51252, 0.06251],
[8.57925, -0.0264, 2.72562, 0.05963],
[8.57609, 0.13335, 2.99288, 0.05339],
[8.56963, 0.28315, 3.35104, 0.04475],
[8.56112, 0.42356, 3.85644, 0.03647],
[8.5513, 0.55778, 4.0, 0.03365],
[8.54063, 0.68817, 4.0, 0.03271],
[8.52931, 0.81581, 2.85468, 0.04489],
[8.51754, 0.94154, 2.09368, 0.06031],
[8.50548, 1.06592, 1.72922, 0.07227],
[8.49376, 1.19076, 1.50508, 0.08331],
[8.48242, 1.31607, 1.34961, 0.09323],
[8.47148, 1.44191, 1.23324, 0.10242],
[8.45678, 1.57697, 1.14193, 0.11897],
[8.43541, 1.71724, 1.06659, 0.13303],
[8.4042, 1.85947, 1.0, 0.14561],
[8.36035, 1.99968, 1.0, 0.14691],
[8.30166, 2.13404, 1.0, 0.14662],
[8.2265, 2.25897, 1.0, 0.1458],
[8.1336, 2.37098, 1.0, 0.14552],
[8.02174, 2.46613, 1.0, 0.14685],
[7.88952, 2.539, 1.09007, 0.13849],
[7.74084, 2.58969, 1.18054, 0.13307],
[7.5784, 2.61802, 1.29629, 0.1272],
[7.40481, 2.62439, 1.45116, 0.11971],
[7.22264, 2.61024, 1.67772, 0.10891],
[7.03447, 2.57851, 2.05656, 0.09279],
[6.84263, 2.53382, 2.90941, 0.0677],
[6.64909, 2.48222, 4.0, 0.05007],
[6.64909, 2.48222, 4.0, 0.0],
[6.64984, 2.32602, 4.0, 0.03905],
[6.65062, 2.16985, 2.76128, 0.05656],
[6.65149, 2.01375, 2.15844, 0.07232],
[6.65249, 1.85775, 1.83146, 0.08518],
[6.65365, 1.70188, 1.61676, 0.09641],
[6.65503, 1.54617, 1.46201, 0.1065],
[6.65487, 1.39688, 1.34358, 0.11111],
[6.65104, 1.25435, 1.24858, 0.1142],
[6.64188, 1.11831, 1.168, 0.11674],
[6.6261, 0.98844, 1.09908, 0.11903],
[6.60268, 0.86478, 1.03942, 0.12109],
[6.57084, 0.74759, 1.03942, 0.11683],
[6.53003, 0.63733, 1.03942, 0.11311],
[6.4798, 0.53464, 1.03942, 0.10998],
[6.41982, 0.44038, 1.03942, 0.10749],
[6.34983, 0.35566, 1.03942, 0.10573],
[6.26967, 0.28194, 1.15404, 0.09437],
[6.18199, 0.21755, 1.2284, 0.08856],
[6.08814, 0.16182, 1.31749, 0.08285],
[5.98939, 0.11401, 1.42529, 0.07698],
[5.88696, 0.07336, 1.56469, 0.07043],
[5.78212, 0.03896, 1.75241, 0.06296],
[5.67616, 0.00978, 2.02931, 0.05416],
[5.5703, -0.01533, 2.49256, 0.04365],
[5.46542, -0.03762, 3.51918, 0.03047],
[5.36517, -0.05774, 4.0, 0.02556],
[5.26534, -0.07823, 4.0, 0.02548],
[5.16784, -0.09788, 4.0, 0.02487],
[5.07071, -0.11707, 4.0, 0.02475],
[4.9738, -0.1358, 4.0, 0.02468],
[4.87699, -0.15409, 4.0, 0.02463],
[4.78018, -0.17192, 4.0, 0.02461],
[4.68327, -0.18929, 4.0, 0.02461],
[4.5862, -0.20621, 4.0, 0.02464],
[4.48886, -0.22267, 4.0, 0.02468],
[4.39119, -0.23867, 4.0, 0.02474],
[4.29312, -0.25424, 4.0, 0.02482],
[4.19458, -0.26939, 4.0, 0.02492],
[4.09551, -0.28412, 4.0, 0.02504],
[3.99587, -0.29846, 4.0, 0.02517],
[3.89562, -0.31243, 4.0, 0.02531],
[3.79472, -0.32606, 4.0, 0.02545],
[3.69315, -0.33935, 4.0, 0.02561],
[3.59092, -0.35235, 3.07256, 0.03354],
[3.48801, -0.36506, 2.35607, 0.04401],
[3.38444, -0.37752, 1.97583, 0.0528],
[3.28023, -0.38974, 1.74653, 0.06008],
[3.17539, -0.40175, 1.58385, 0.06662],
[3.0679, -0.41456, 1.46307, 0.07399],
[2.95994, -0.42912, 1.37305, 0.07934],
[2.85186, -0.44663, 1.30003, 0.08422],
[2.74423, -0.46828, 1.24182, 0.08841],
[2.63771, -0.49514, 1.19547, 0.0919],
[2.53295, -0.52825, 1.15896, 0.09479],
[2.43068, -0.56855, 1.1301, 0.09727],
[2.33168, -0.61688, 1.10734, 0.09949],
[2.23687, -0.67401, 1.08978, 0.10158],
[2.14735, -0.7406, 1.07414, 0.10386],
[2.06451, -0.81707, 1.06288, 0.10607],
[1.99, -0.9035, 1.05556, 0.10811],
[1.92575, -0.99945, 1.05276, 0.10968],
[1.87378, -1.10369, 1.05276, 0.11064],
[1.83594, -1.21419, 1.05276, 0.11095],
[1.81358, -1.32821, 1.05276, 0.11037],
[1.8072, -1.44266, 1.05276, 0.10888],
[1.81637, -1.55457, 1.05276, 0.10666],
[1.83993, -1.66156, 1.05554, 0.10379],
[1.87635, -1.76198, 1.06405, 0.10039],
[1.92398, -1.85488, 1.07684, 0.09695],
[1.98134, -1.93979, 1.0959, 0.09351],
[2.04715, -2.01659, 1.12188, 0.09015],
[2.12032, -2.08533, 1.15499, 0.08692],
[2.19995, -2.14621, 1.19571, 0.08383],
[2.28527, -2.19947, 1.24442, 0.08082],
[2.37564, -2.24538, 1.3003, 0.07796],
[2.4705, -2.28422, 1.36864, 0.07489],
[2.56929, -2.31635, 1.45088, 0.0716],
[2.67149, -2.34215, 1.55153, 0.06794],
[2.77656, -2.36212, 1.67776, 0.06375],
[2.88397, -2.37685, 1.83326, 0.05914],
[2.99321, -2.38697, 2.04815, 0.05356],
[3.10378, -2.39328, 2.35652, 0.047],
[3.21524, -2.39663, 2.85273, 0.03909],
[3.32716, -2.39792, 3.88207, 0.02883],
[3.43877, -2.39809, 4.0, 0.0279],
[3.55039, -2.39809, 4.0, 0.02791],
[3.662, -2.39809, 4.0, 0.0279],
[3.77363, -2.39809, 4.0, 0.02791],
[3.88526, -2.39809, 4.0, 0.02791]]