[[1.55016, -1.39973, 1.05355, 0.47455],
[2.04229, -1.35448, 0.98352, 0.50249],
[2.52441, -1.28667, 0.98352, 0.49502],
[2.9935, -1.19086, 0.98352, 0.48679],
[3.44647, -1.06234, 0.98352, 0.47874],
[3.88003, -0.89687, 0.98352, 0.47184],
[4.2903, -0.6903, 0.98352, 0.46704],
[4.67248, -0.43856, 1.02636, 0.44588],
[5.02732, -0.14699, 1.01911, 0.45066],
[5.35259, 0.18376, 0.81976, 0.56589],
[5.64525, 0.55329, 0.69302, 0.68019],
[5.90127, 0.96105, 0.61031, 0.78888],
[6.1151, 1.40567, 0.5511, 0.89525],
[6.27964, 1.8824, 0.5049, 0.99887],
[6.38529, 2.36769, 0.5049, 0.98368],
[6.40367, 2.82709, 0.5, 0.91953],
[6.32783, 3.23579, 0.5, 0.83135],
[6.16614, 3.57542, 0.5, 0.75232],
[5.93285, 3.83257, 0.5, 0.69441],
[5.64366, 3.99325, 0.5, 0.66166],
[5.32142, 4.06089, 0.5, 0.65853],
[4.98217, 4.01893, 0.53418, 0.63991],
[4.64865, 3.86678, 0.58764, 0.62383],
[4.34213, 3.60818, 0.65954, 0.60805],
[4.08076, 3.25138, 0.67654, 0.65375],
[3.88092, 2.82579, 0.67654, 0.69497],
[3.62391, 2.4815, 0.67654, 0.63504],
[3.32282, 2.21154, 0.67654, 0.59774],
[2.98553, 2.01366, 0.67654, 0.57801],
[2.61712, 1.8908, 0.74053, 0.52444],
[2.22707, 1.83304, 0.79224, 0.4977],
[1.82237, 1.83663, 0.85597, 0.47282],
[1.41386, 1.8965, 0.93168, 0.44314],
[0.99829, 1.90842, 1.00866, 0.41217],
[0.57969, 1.87829, 0.88914, 0.47201],
[0.15933, 1.81208, 0.79174, 0.53748],
[-0.2618, 1.71583, 0.79174, 0.54561],
[-0.66474, 1.60174, 0.79174, 0.52893],
[-1.06586, 1.51539, 0.79174, 0.51823],
[-1.46528, 1.46805, 0.79174, 0.50801],
[-1.86365, 1.47045, 0.7705, 0.51704],
[-2.26119, 1.53566, 0.65019, 0.61959],
[-2.65772, 1.63952, 0.65019, 0.63043],
[-3.05302, 1.77305, 0.65019, 0.64174],
[-3.43599, 1.87763, 0.65019, 0.61058],
[-3.82103, 1.93986, 0.65019, 0.59987],
[-4.20689, 1.93992, 0.65019, 0.59346],
[-4.58839, 1.85249, 0.68674, 0.56993],
[-4.95828, 1.68155, 0.72955, 0.55853],
[-5.3081, 1.42857, 0.78043, 0.55318],
[-5.62719, 1.09632, 0.84207, 0.54705],
[-5.90306, 0.69427, 0.91893, 0.53061],
[-6.12536, 0.24301, 1.0103, 0.49792],
[-6.2934, -0.23388, 0.87529, 0.57767],
[-6.4165, -0.72347, 0.78266, 0.64502],
[-6.50293, -1.22077, 0.7125, 0.70843],
[-6.55815, -1.72325, 0.65757, 0.76874],
[-6.57245, -2.221, 0.65757, 0.75728],
[-6.53169, -2.68745, 0.65757, 0.71206],
[-6.4323, -3.10946, 0.65757, 0.65934],
[-6.27497, -3.48264, 0.65757, 0.61589],
[-6.05983, -3.8039, 0.65757, 0.58799],
[-5.78398, -4.06763, 0.66574, 0.57325],
[-5.44897, -4.27245, 0.95119, 0.41281],
[-5.0828, -4.44521, 1.40597, 0.28797],
[-4.70139, -4.60211, 1.49833, 0.27526],
[-4.70139, -4.60211, 1.15115, 0.0],
[-4.41941, -4.21849, 0.9672, 0.49226],
[-4.13756, -3.83474, 0.83585, 0.56964],
[-3.85643, -3.45028, 0.83585, 0.56981],
[-3.57443, -3.07872, 0.83585, 0.55806],
[-3.28108, -2.73005, 0.83585, 0.54514],
[-2.96748, -2.4147, 0.83585, 0.53209],
[-2.62538, -2.14214, 0.83585, 0.5233],
[-2.24594, -1.92516, 0.90389, 0.48357],
[-1.83444, -1.75728, 0.99051, 0.44869],
[-1.39512, -1.63336, 1.10641, 0.41256],
[-0.93215, -1.54804, 1.27451, 0.36937],
[-0.45023, -1.4947, 1.5509, 0.31264],
[0.04518, -1.46478, 1.38352, 0.35873],
[0.54793, -1.4479, 1.24483, 0.4041],
[1.05103, -1.42859, 1.13936, 0.44189]]