[[8.48204, 3.06614, 1.76142, 0.1009],
[8.30473, 3.10633, 1.89323, 0.09603],
[8.12153, 3.13832, 2.05252, 0.09061],
[7.93307, 3.16284, 2.2579, 0.08417],
[7.74013, 3.18078, 2.53323, 0.07649],
[7.54378, 3.19319, 2.9325, 0.06709],
[7.3458, 3.20125, 3.58682, 0.05524],
[7.14817, 3.20634, 4.0, 0.04943],
[6.95096, 3.2097, 4.0, 0.04931],
[6.75393, 3.21158, 4.0, 0.04926],
[6.55694, 3.21219, 4.0, 0.04925],
[6.35991, 3.21174, 4.0, 0.04926],
[6.1628, 3.21045, 4.0, 0.04928],
[5.96562, 3.20853, 4.0, 0.0493],
[5.76838, 3.20618, 4.0, 0.04931],
[5.5711, 3.20361, 4.0, 0.04932],
[5.37378, 3.20085, 4.0, 0.04933],
[5.17502, 3.19797, 4.0, 0.0497],
[4.97479, 3.19527, 4.0, 0.05006],
[4.774, 3.19279, 4.0, 0.0502],
[4.57302, 3.19054, 4.0, 0.05025],
[4.37195, 3.18855, 4.0, 0.05027],
[4.17085, 3.18682, 4.0, 0.05028],
[3.96974, 3.18542, 4.0, 0.05028],
[3.76861, 3.18444, 4.0, 0.05028],
[3.56749, 3.18397, 4.0, 0.05028],
[3.36637, 3.18408, 3.35341, 0.05997],
[3.16526, 3.18484, 2.31635, 0.08682],
[2.96418, 3.1863, 1.87548, 0.10722],
[2.76313, 3.18853, 1.61861, 0.12422],
[2.56214, 3.19158, 1.45055, 0.13858],
[2.36123, 3.19551, 1.33053, 0.15103],
[2.16043, 3.20037, 1.2413, 0.16181],
[1.96843, 3.20174, 1.17029, 0.16407],
[1.78228, 3.19669, 1.12062, 0.16617],
[1.60314, 3.18271, 1.07907, 0.16652],
[1.43177, 3.15796, 1.04588, 0.16555],
[1.26884, 3.12115, 1.02756, 0.16256],
[1.11506, 3.07144, 1.01276, 0.15957],
[0.97133, 3.00838, 1.0023, 0.1566],
[0.83875, 2.93181, 1.0023, 0.15275],
[0.71852, 2.84203, 1.0023, 0.1497],
[0.61206, 2.73962, 1.0023, 0.14739],
[0.52093, 2.62549, 1.0023, 0.14572],
[0.44645, 2.50111, 1.0023, 0.14464],
[0.38996, 2.36822, 1.0023, 0.14407],
[0.3526, 2.22885, 1.0043, 0.14367],
[0.33496, 2.08534, 1.00988, 0.14318],
[0.33733, 1.94004, 1.02156, 0.14225],
[0.35959, 1.79528, 1.03756, 0.14116],
[0.40136, 1.65322, 1.05901, 0.13982],
[0.462, 1.51581, 1.08662, 0.13822],
[0.54069, 1.38474, 1.12336, 0.13609],
[0.63643, 1.26138, 1.16348, 0.13421],
[0.74833, 1.14688, 1.21506, 0.13176],
[0.87539, 1.04208, 1.27679, 0.12899],
[1.01662, 0.94759, 1.35153, 0.12573],
[1.17103, 0.86374, 1.43582, 0.12237],
[1.33766, 0.79073, 1.54449, 0.11779],
[1.51533, 0.72841, 1.67922, 0.11212],
[1.7024, 0.67638, 1.85422, 0.10472],
[1.89603, 0.63396, 2.08856, 0.09491],
[2.09232, 0.60001, 2.43556, 0.08179],
[2.28927, 0.57253, 2.82516, 0.07039],
[2.48649, 0.54988, 2.98223, 0.06657],
[2.68388, 0.53155, 3.04872, 0.06502],
[2.88133, 0.51733, 3.10046, 0.06385],
[3.07854, 0.5071, 3.14808, 0.06273],
[3.27472, 0.50073, 3.21104, 0.06113],
[3.46917, 0.49801, 3.28159, 0.05926],
[3.66171, 0.49868, 3.38733, 0.05684],
[3.85248, 0.50245, 3.50379, 0.05446],
[4.04168, 0.50905, 3.6563, 0.05178],
[4.22955, 0.51818, 3.84947, 0.04886],
[4.41629, 0.52958, 3.81901, 0.04899],
[4.60208, 0.54295, 3.37026, 0.05527],
[4.78709, 0.55803, 3.0736, 0.06039],
[4.97146, 0.57456, 2.88529, 0.06416],
[5.15532, 0.59228, 2.75247, 0.06711],
[5.33879, 0.61095, 2.66773, 0.06913],
[5.51862, 0.62771, 2.60242, 0.0694],
[5.69789, 0.64224, 2.58204, 0.06966],
[5.87657, 0.65396, 2.57736, 0.06947],
[6.05463, 0.66235, 2.57736, 0.06917],
[6.2321, 0.66702, 2.57736, 0.06888],
[6.40898, 0.66763, 2.57736, 0.06863],
[6.58529, 0.66399, 2.57736, 0.06842],
[6.76103, 0.65589, 2.57736, 0.06826],
[6.9362, 0.64331, 2.57736, 0.06814],
[7.11083, 0.62623, 2.43512, 0.07205],
[7.28491, 0.60475, 1.90096, 0.09227],
[7.45845, 0.57895, 1.60808, 0.10911],
[7.63146, 0.54894, 1.44076, 0.12188],
[7.80395, 0.51482, 1.32273, 0.13293],
[7.97591, 0.47668, 1.24312, 0.14169],
[8.14734, 0.43461, 1.17482, 0.15025],
[8.29849, 0.40184, 1.12623, 0.13732],
[8.44754, 0.37591, 1.08017, 0.14006],
[8.59371, 0.35888, 1.03877, 0.14166],
[8.73635, 0.35203, 1.0, 0.14281],
[8.8749, 0.35624, 1.0, 0.13862],
[9.00891, 0.37195, 1.0, 0.13492],
[9.13786, 0.39955, 1.0, 0.13187],
[9.26129, 0.43926, 1.0, 0.12966],
[9.37856, 0.4915, 1.0, 0.12838],
[9.48885, 0.55686, 1.0, 0.1282],
[9.59098, 0.63621, 1.0121, 0.12779],
[9.68426, 0.72936, 1.02177, 0.12902],
[9.76762, 0.83653, 1.03146, 0.13163],
[9.83959, 0.9582, 1.04228, 0.13563],
[9.89809, 1.09505, 1.05758, 0.14073],
[9.94033, 1.2476, 1.07643, 0.14705],
[9.96266, 1.41543, 1.09692, 0.15435],
[9.96102, 1.59523, 1.12156, 0.16032],
[9.93329, 1.77804, 1.1447, 0.16153],
[9.88179, 1.95256, 1.17241, 0.1552],
[9.8111, 2.11351, 1.19976, 0.14652],
[9.72482, 2.26041, 1.23045, 0.13846],
[9.62534, 2.39416, 1.2646, 0.13181],
[9.51429, 2.51568, 1.30161, 0.12647],
[9.3928, 2.62568, 1.33967, 0.12233],
[9.26172, 2.72466, 1.38391, 0.11869],
[9.12169, 2.81301, 1.43076, 0.11572],
[8.97321, 2.89098, 1.49372, 0.11228],
[8.81678, 2.95891, 1.56785, 0.10878],
[8.65288, 3.01715, 1.66108, 0.10471]]