[[-5.07861, 6.03221, 1.18015, 0.1208],
[-4.93706, 6.05694, 1.1577, 0.12413],
[-4.79342, 6.07639, 1.13371, 0.12785],
[-4.6479, 6.09022, 1.10853, 0.13186],
[-4.50101, 6.09805, 1.08566, 0.1355],
[-4.35365, 6.09955, 1.06429, 0.13847],
[-4.20693, 6.0945, 1.04619, 0.14032],
[-4.06186, 6.0828, 1.03136, 0.14112],
[-3.91913, 6.06442, 1.02134, 0.14091],
[-3.77921, 6.03936, 1.01388, 0.14019],
[-3.64247, 6.00765, 1.00989, 0.139],
[-3.50918, 5.96934, 1.00953, 0.13738],
[-3.37958, 5.9245, 1.00953, 0.13584],
[-3.25388, 5.87322, 1.00953, 0.13448],
[-3.13223, 5.81565, 1.00953, 0.13331],
[-3.01479, 5.75193, 1.00953, 0.13236],
[-2.90168, 5.68221, 1.00953, 0.13162],
[-2.79298, 5.60667, 1.01288, 0.13068],
[-2.68878, 5.5255, 1.0199, 0.12951],
[-2.58912, 5.43891, 1.02888, 0.12832],
[-2.49405, 5.34706, 1.04202, 0.12686],
[-2.40358, 5.25018, 1.06018, 0.12503],
[-2.3177, 5.14849, 1.08153, 0.12307],
[-2.23639, 5.0422, 1.1083, 0.12075],
[-2.15957, 4.93156, 1.13705, 0.11846],
[-2.08719, 4.8168, 1.17053, 0.11592],
[-2.01914, 4.69815, 1.20637, 0.11338],
[-1.95533, 4.57584, 1.24798, 0.11054],
[-1.89564, 4.45011, 1.29524, 0.10746],
[-1.83991, 4.3212, 1.34671, 0.10429],
[-1.78797, 4.18934, 1.40176, 0.1011],
[-1.73968, 4.05478, 1.46196, 0.09779],
[-1.69483, 3.91773, 1.52702, 0.09443],
[-1.65326, 3.77841, 1.53316, 0.09483],
[-1.61476, 3.63704, 1.42987, 0.10247],
[-1.57913, 3.49384, 1.34311, 0.10987],
[-1.54589, 3.34761, 1.26986, 0.11809],
[-1.50991, 3.20222, 1.20583, 0.12421],
[-1.4707, 3.05801, 1.15111, 0.12982],
[-1.42777, 2.91537, 1.10191, 0.13519],
[-1.38068, 2.7747, 1.05837, 0.14016],
[-1.32902, 2.63648, 1.02078, 0.14456],
[-1.27243, 2.5012, 0.98915, 0.14824],
[-1.21059, 2.36941, 0.96366, 0.15107],
[-1.14328, 2.24164, 0.94202, 0.1533],
[-1.0703, 2.11847, 0.92508, 0.15477],
[-0.99152, 2.00047, 0.9122, 0.15553],
[-0.9069, 1.88821, 0.90323, 0.15564],
[-0.81648, 1.78224, 0.89808, 0.15512],
[-0.72039, 1.68303, 0.89655, 0.15405],
[-0.61882, 1.59106, 0.89655, 0.15284],
[-0.51202, 1.50672, 0.89655, 0.15178],
[-0.40031, 1.43037, 0.89655, 0.15092],
[-0.28406, 1.36231, 0.89655, 0.15025],
[-0.16366, 1.30278, 0.89655, 0.14981],
[-0.03954, 1.25196, 0.8985, 0.14927],
[0.08783, 1.20997, 0.90391, 0.14838],
[0.218, 1.17687, 0.91321, 0.14708],
[0.35049, 1.15264, 0.92666, 0.14535],
[0.48483, 1.13719, 0.94464, 0.14315],
[0.62057, 1.13035, 0.96764, 0.14045],
[0.75728, 1.13188, 0.99611, 0.13725],
[0.89456, 1.14144, 1.03011, 0.13359],
[1.03207, 1.15866, 1.06971, 0.12955],
[1.16952, 1.18309, 1.11569, 0.12512],
[1.30665, 1.21425, 1.17044, 0.12016],
[1.4433, 1.25163, 1.23272, 0.11492],
[1.57932, 1.29468, 1.30977, 0.10893],
[1.71463, 1.34281, 1.40602, 0.10214],
[1.8492, 1.39539, 1.52301, 0.09487],
[1.98305, 1.45181, 1.67133, 0.08691],
[2.11623, 1.51143, 1.87651, 0.07776],
[2.24882, 1.5736, 2.18554, 0.067],
[2.38087, 1.63762, 2.5, 0.0587],
[2.51236, 1.70273, 2.5, 0.05869],
[2.64401, 1.7673, 2.5, 0.05865],
[2.77593, 1.83123, 2.5, 0.05864],
[2.90817, 1.89442, 2.5, 0.05862],
[3.04076, 1.95676, 2.477, 0.05915],
[3.17375, 2.01816, 2.40921, 0.0608],
[3.30717, 2.07854, 2.34397, 0.06248],
[3.44107, 2.13779, 2.27778, 0.06428],
[3.57548, 2.19585, 2.21156, 0.0662],
[3.71043, 2.25262, 2.1481, 0.06816],
[3.84596, 2.30804, 2.08595, 0.07019],
[3.9821, 2.36203, 2.02547, 0.07231],
[4.1189, 2.41449, 1.96504, 0.07456],
[4.25639, 2.46536, 1.90022, 0.07715],
[4.39463, 2.51451, 1.83814, 0.07982],
[4.53367, 2.56186, 1.77865, 0.08258],
[4.67357, 2.60728, 1.72574, 0.08523],
[4.81442, 2.65066, 1.67409, 0.08804],
[4.95634, 2.69188, 1.62474, 0.09096],
[5.09921, 2.7307, 1.57883, 0.09377],
[5.24145, 2.76655, 1.53477, 0.09558],
[5.38302, 2.79931, 1.49355, 0.09729],
[5.52402, 2.82891, 1.45353, 0.09912],
[5.66456, 2.85525, 1.41619, 0.10096],
[5.80467, 2.87821, 1.37962, 0.10292],
[5.94441, 2.89769, 1.34712, 0.10473],
[6.08378, 2.91354, 1.32004, 0.10626],
[6.22281, 2.92563, 1.29724, 0.10758],
[6.3615, 2.93381, 1.27961, 0.10857],
[6.49983, 2.93793, 1.26516, 0.10939],
[6.63782, 2.93779, 1.25637, 0.10983],
[6.77543, 2.93324, 1.25118, 0.11005],
[6.91266, 2.92412, 1.25022, 0.11],
[7.04947, 2.91027, 1.24794, 0.11019],
[7.18583, 2.89155, 1.24794, 0.1103],
[7.32171, 2.86784, 1.24794, 0.11053],
[7.45706, 2.83902, 1.24794, 0.11089],
[7.59183, 2.80502, 1.24794, 0.11137],
[7.72593, 2.76575, 1.24794, 0.11197],
[7.85928, 2.72114, 1.2489, 0.11259],
[7.99173, 2.67112, 1.24751, 0.11349],
[8.1231, 2.61568, 1.2422, 0.11479],
[8.25314, 2.55478, 1.23479, 0.11629],
[8.38153, 2.48846, 1.22522, 0.11794],
[8.50787, 2.41681, 1.21345, 0.1197],
[8.63174, 2.33998, 1.19973, 0.12149],
[8.75267, 2.25817, 1.18441, 0.12327],
[8.87021, 2.17161, 1.16773, 0.12501],
[8.98395, 2.08054, 1.14969, 0.12674],
[9.09355, 1.98517, 1.13027, 0.12854],
[9.1987, 1.88568, 1.11041, 0.13036],
[9.29915, 1.78224, 1.0905, 0.13223],
[9.39467, 1.67494, 1.06965, 0.1343],
[9.48502, 1.56387, 1.04825, 0.13659],
[9.56998, 1.4491, 1.02625, 0.13914],
[9.64927, 1.3307, 1.00432, 0.14189],
[9.7226, 1.20871, 0.98256, 0.14486],
[9.78965, 1.08322, 0.96114, 0.14802],
[9.85003, 0.95436, 0.94121, 0.1512],
[9.90331, 0.82229, 0.92499, 0.15397],
[9.94901, 0.68725, 0.91179, 0.15635],
[9.98659, 0.54963, 0.90043, 0.15843],
[10.01551, 0.40994, 0.8912, 0.16007],
[10.03524, 0.26884, 0.88459, 0.16106],
[10.04533, 0.12715, 0.88123, 0.16119],
[10.04549, -0.01419, 0.88086, 0.16047],
[10.03561, -0.15425, 0.88086, 0.15939],
[10.01572, -0.29209, 0.88086, 0.1581],
[9.98599, -0.42686, 0.88086, 0.15668],
[9.94673, -0.55785, 0.88086, 0.15524],
[9.89831, -0.68443, 0.88086, 0.15386],
[9.84119, -0.80613, 0.88265, 0.15232],
[9.77583, -0.92258, 0.88747, 0.15047],
[9.7027, -1.0335, 0.89575, 0.14832],
[9.62227, -1.1387, 0.90772, 0.14589],
[9.53501, -1.23806, 0.92389, 0.14313],
[9.4414, -1.33154, 0.94388, 0.14016],
[9.34189, -1.41916, 0.96796, 0.13697],
[9.23693, -1.50097, 0.99565, 0.13366],
[9.12691, -1.57707, 1.02757, 0.13018],
[9.01226, -1.6476, 1.06291, 0.12665],
[8.89333, -1.71272, 1.10652, 0.12253],
[8.77052, -1.77265, 1.15754, 0.11805],
[8.64421, -1.82766, 1.2128, 0.1136],
[8.51475, -1.87802, 1.27666, 0.10881],
[8.38247, -1.92405, 1.34941, 0.10379],
[8.24771, -1.96607, 1.43218, 0.09856],
[8.11079, -2.00442, 1.52908, 0.09299],
[7.97202, -2.03945, 1.64438, 0.08703],
[7.83181, -2.07153, 1.78043, 0.08079],
[7.69099, -2.10091, 1.88681, 0.07624],
[7.5512, -2.13257, 1.94173, 0.07381],
[7.41215, -2.16643, 1.99384, 0.07178],
[7.2738, -2.20234, 2.05239, 0.06965],
[7.13609, -2.24021, 2.1065, 0.0678],
[6.99901, -2.27991, 2.1678, 0.06584],
[6.8625, -2.32135, 2.233, 0.06389],
[6.72654, -2.36443, 2.30397, 0.0619],
[6.59109, -2.40904, 2.38238, 0.05986],
[6.45611, -2.45509, 2.48042, 0.0575],
[6.32158, -2.50246, 2.5, 0.05705],
[6.18743, -2.55105, 2.5, 0.05707],
[6.05365, -2.60072, 2.5, 0.05708],
[5.92018, -2.65135, 2.5, 0.0571],
[5.78697, -2.7028, 2.36941, 0.06027],
[5.65398, -2.75492, 2.2342, 0.06393],
[5.5206, -2.8078, 2.13299, 0.06727],
[5.38551, -2.86042, 2.05631, 0.0705],
[5.24969, -2.91212, 1.99908, 0.0727],
[5.11336, -2.96255, 1.95873, 0.07421],
[4.97652, -3.01147, 1.93303, 0.07518],
[4.83912, -3.05869, 1.92198, 0.07559],
[4.70112, -3.10405, 1.92198, 0.07558],
[4.56247, -3.1474, 1.92198, 0.07558],
[4.42316, -3.18863, 1.92198, 0.07559],
[4.28316, -3.22763, 1.92198, 0.07561],
[4.14247, -3.26435, 1.92198, 0.07566],
[4.00107, -3.29874, 1.92511, 0.07559],
[3.85899, -3.33082, 1.94217, 0.075],
[3.71624, -3.36061, 1.9717, 0.07396],
[3.57285, -3.38817, 2.01909, 0.07232],
[3.42885, -3.41359, 2.08455, 0.07015],
[3.28428, -3.43699, 2.17261, 0.06741],
[3.1392, -3.45853, 2.29052, 0.06403],
[2.99366, -3.47838, 2.44786, 0.06001],
[2.84772, -3.49675, 2.5, 0.05884],
[2.70145, -3.51386, 2.5, 0.05891],
[2.5549, -3.52995, 2.5, 0.05897],
[2.40814, -3.54525, 2.5, 0.05902],
[2.26125, -3.56004, 2.5, 0.05905],
[2.1143, -3.57457, 2.5, 0.05907],
[2.1143, -3.57457, 2.5, 0.0],
[1.96731, -3.56034, 2.5, 0.05907],
[1.82039, -3.54589, 2.5, 0.05906],
[1.67356, -3.531, 2.42273, 0.06091],
[1.52689, -3.51546, 2.319, 0.0636],
[1.38043, -3.49908, 2.23542, 0.06593],
[1.23421, -3.48168, 2.16206, 0.06811],
[1.08829, -3.46306, 2.0996, 0.07006],
[0.9427, -3.44308, 2.04616, 0.07182],
[0.79748, -3.42158, 2.00458, 0.07323],
[0.65268, -3.39843, 1.96161, 0.07476],
[0.50831, -3.37352, 1.92813, 0.07598],
[0.36442, -3.34672, 1.90106, 0.07699],
[0.22104, -3.31793, 1.8763, 0.07794],
[0.0782, -3.28706, 1.8478, 0.07909],
[-0.06407, -3.25401, 1.81813, 0.08033],
[-0.20574, -3.2187, 1.78625, 0.08174],
[-0.34677, -3.18105, 1.74955, 0.08344],
[-0.48715, -3.141, 1.71032, 0.08535],
[-0.62682, -3.09849, 1.66103, 0.08789],
[-0.76572, -3.05346, 1.60846, 0.09078],
[-0.90374, -3.00585, 1.5626, 0.09344],
[-1.04063, -2.95565, 1.51815, 0.09604],
[-1.17571, -2.90302, 1.48563, 0.09758],
[-1.31013, -2.85384, 1.45536, 0.09835],
[-1.44503, -2.80781, 1.42788, 0.09982],
[-1.58043, -2.76508, 1.41276, 0.1005],
[-1.71637, -2.72583, 1.40159, 0.10095],
[-1.85285, -2.69022, 1.40159, 0.10064],
[-1.98988, -2.65838, 1.40159, 0.10037],
[-2.12746, -2.63046, 1.40159, 0.10016],
[-2.26559, -2.60658, 1.40159, 0.10001],
[-2.40425, -2.58682, 1.40159, 0.09993],
[-2.54342, -2.57125, 1.40489, 0.09968],
[-2.68307, -2.55985, 1.41954, 0.0987],
[-2.82315, -2.55256, 1.4423, 0.09726],
[-2.96363, -2.54925, 1.47804, 0.09507],
[-3.10447, -2.54976, 1.53072, 0.09201],
[-3.24562, -2.55387, 1.60353, 0.08806],
[-3.38702, -2.56128, 1.70175, 0.08321],
[-3.52865, -2.57163, 1.83053, 0.07758],
[-3.67045, -2.58456, 1.9911, 0.07151],
[-3.8124, -2.59968, 1.7954, 0.07951],
[-3.95445, -2.61658, 1.50601, 0.09499],
[-4.09659, -2.63483, 1.32203, 0.1084],
[-4.23878, -2.65402, 1.19616, 0.11995],
[-4.3767, -2.67312, 1.09889, 0.1267],
[-4.51422, -2.69071, 1.02437, 0.13535],
[-4.65106, -2.70571, 0.96179, 0.14313],
[-4.78693, -2.7171, 0.90916, 0.14997],
[-4.92156, -2.72395, 0.86374, 0.15606],
[-5.05466, -2.72545, 0.82197, 0.16194],
[-5.18594, -2.72086, 0.78417, 0.16752],
[-5.31512, -2.70953, 0.75, 0.17289],
[-5.44185, -2.69084, 0.75, 0.1708],
[-5.56577, -2.66424, 0.75, 0.169],
[-5.68647, -2.62914, 0.75, 0.16759],
[-5.80343, -2.58494, 0.75, 0.16671],
[-5.91603, -2.53093, 0.75, 0.16651],
[-6.02346, -2.46635, 0.86189, 0.14544],
[-6.12668, -2.39379, 0.90785, 0.13898],
[-6.22587, -2.31396, 0.96038, 0.13257],
[-6.32123, -2.22753, 1.02166, 0.12597],
[-6.41302, -2.13512, 1.09471, 0.11898],
[-6.50154, -2.03736, 1.18595, 0.11121],
[-6.58717, -1.93486, 1.30202, 0.10258],
[-6.67037, -1.82822, 1.45771, 0.09279],
[-6.75164, -1.71802, 1.68467, 0.08127],
[-6.8315, -1.60495, 2.06318, 0.0671],
[-6.91048, -1.4898, 2.5, 0.05585],
[-6.98903, -1.37354, 2.5, 0.05612],
[-7.07081, -1.2531, 2.5, 0.05823],
[-7.15284, -1.13283, 2.5, 0.05823],
[-7.23508, -1.01273, 2.5, 0.05823],
[-7.31751, -0.89276, 2.5, 0.05822],
[-7.40011, -0.7729, 2.5, 0.05822],
[-7.48283, -0.65314, 2.40107, 0.06062],
[-7.56565, -0.53345, 2.04772, 0.07108],
[-7.64855, -0.41382, 1.81332, 0.08027],
[-7.7315, -0.29421, 1.64727, 0.08836],
[-7.81404, -0.17452, 1.52541, 0.09531],
[-7.89567, -0.05444, 1.42918, 0.1016],
[-7.97588, 0.06626, 1.35331, 0.10709],
[-8.05411, 0.18782, 1.29202, 0.11188],
[-8.12984, 0.31041, 1.24193, 0.11603],
[-8.20253, 0.4342, 1.20096, 0.11953],
[-8.27167, 0.55929, 1.16761, 0.12241],
[-8.33678, 0.68575, 1.14079, 0.12468],
[-8.3974, 0.8136, 1.11972, 0.12637],
[-8.45311, 0.94284, 1.10383, 0.12749],
[-8.50354, 1.0734, 1.09271, 0.12809],
[-8.54835, 1.2052, 1.08614, 0.12817],
[-8.58725, 1.33812, 1.08427, 0.12774],
[-8.62, 1.47203, 1.08427, 0.12714],
[-8.64639, 1.60675, 1.08427, 0.12662],
[-8.6663, 1.74212, 1.08427, 0.12619],
[-8.6796, 1.87793, 1.08427, 0.12586],
[-8.68624, 2.01401, 1.08427, 0.12565],
[-8.68623, 2.15014, 1.08672, 0.12527],
[-8.67958, 2.28616, 1.09248, 0.12465],
[-8.66637, 2.42185, 1.10081, 0.12385],
[-8.64667, 2.55706, 1.112, 0.12287],
[-8.6206, 2.69161, 1.12613, 0.1217],
[-8.58828, 2.82535, 1.14337, 0.12033],
[-8.54986, 2.95812, 1.16386, 0.11876],
[-8.5055, 3.08981, 1.18503, 0.11726],
[-8.45537, 3.22028, 1.2121, 0.11531],
[-8.39967, 3.34943, 1.24105, 0.11333],
[-8.33862, 3.47718, 1.2742, 0.11112],
[-8.27242, 3.60345, 1.30909, 0.10891],
[-8.20132, 3.72818, 1.34349, 0.10687],
[-8.12552, 3.85132, 1.38055, 0.10474],
[-8.04524, 3.97281, 1.41812, 0.10269],
[-7.96067, 4.09262, 1.45686, 0.10066],
[-7.87202, 4.21071, 1.49169, 0.09899],
[-7.77946, 4.32704, 1.51395, 0.0982],
[-7.68306, 4.44169, 1.49706, 0.10005],
[-7.5849, 4.55247, 1.47784, 0.10016],
[-7.48488, 4.65967, 1.46164, 0.10031],
[-7.38298, 4.76337, 1.44362, 0.10071],
[-7.2792, 4.86361, 1.42468, 0.10127],
[-7.17354, 4.96038, 1.40753, 0.1018],
[-7.06599, 5.05369, 1.38952, 0.10247],
[-6.95654, 5.14349, 1.37265, 0.10314],
[-6.84519, 5.22977, 1.36076, 0.10352],
[-6.73193, 5.31247, 1.35387, 0.10359],
[-6.61674, 5.39155, 1.34727, 0.10371],
[-6.4996, 5.46694, 1.34146, 0.10384],
[-6.38049, 5.53857, 1.33432, 0.10416],
[-6.25938, 5.60635, 1.32685, 0.10459],
[-6.13628, 5.67022, 1.31739, 0.10528],
[-6.01117, 5.73014, 1.30579, 0.10623],
[-5.88405, 5.78605, 1.29348, 0.10736],
[-5.75492, 5.83788, 1.27621, 0.10903],
[-5.62378, 5.88556, 1.26039, 0.11072],
[-5.49059, 5.92897, 1.24195, 0.11279],
[-5.35536, 5.968, 1.22206, 0.11518],
[-5.21804, 6.00247, 1.20174, 0.11781]]